0.0
335.0
192.0
122.0
97.0
87.0
54.0
59.0
50.0
42.0
38.0
39.0
26.0
27.0
21.0
26.0
27.0
25.0
25.0
23.0
18.0
25.0
16.0
21.0
20.0
11.0
16.0
15.0
15.0
12.0
14.0
17.0
14.0
17.0
11.0
13.0
9.0
8.0
12.0
7.0
2.0
6.0
6.0
8.0
3.0
5.0
7.0
4.0
8.0
4.0
7.0
9.0
4.0
9.0
6.0
6.0
5.0
2.0
7.0
6.0
5.0
3.0
5.0
5.0
4.0
1.0
8.0
7.0
3.0
0.0
1.0
1.0
3.0
3.0
2.0
2.0
4.0
5.0
3.0
3.0
4.0
2.0
2.0
4.0
1.0
1.0
2.0
1.0
5.0
0.0
2.0
1.0
3.0
1.0
7.0
1.0
2.0
0.0
2.0
1.0
0.0
0.0
3.0
3.0
2.0
1.0
2.0
0.0
1.0
1.0
2.0
2.0
0.0
0.0
2.0
0.0
1.0
1.0
2.0
0.0
0.0
1.0
0.0
1.0
0.0
0.0
0.0
0.0
0.0
1.0
1.0
0.0
3.0
0.0
1.0
1.0
2.0
2.0
3.0
1.0
0.0
0.0
0.0
0.0
0.0
1.0
1.0
0.0
0.0
0.0
0.0
0.0
0.0
2.0
0.0
0.0
0.0
1.0
0.0
0.0
2.0
1.0
0.0
0.0
1.0
1.0
0.0
0.0
0.0
0.0
0.0
0.0
0.0
0.0
1.0
1.0
0.0
0.0
0.0
0.0
0.0
0.0
1.0
0.0
0.0
0.0
0.0
0.0
0.0
0.0
0.0
0.0
1.0
0.0
0.0
0.0
0.0
0.0
0.0
0.0
0.0
0.0
0.0
0.0
0.0
0.0
0.0
0.0
1.0
0.0
0.0
0.0
0.0
0.0
0.0
0.0
1.0
0.0
0.0
0.0
0.0
1.0
0.0
0.0
0.0
0.0
0.0
0.0
0.0
0.0
0.0
0.0
0.0
1.0
0.0
0.0
2.0
0.0
0.0
0.0
0.0
0.0
0.0
1.0
0.0
0.0
0.0
0.0
0.0
0.0
0.0
0.0
0.0
0.0
0.0
0.0
1.0
0.0
0.0
0.0
0.0
0.0
0.0
0.0
0.0
1.0
0.0
0.0
0.0
0.0
0.0
0.0
0.0
0.0
0.0
0.0
0.0
0.0
0.0
0.0
1.0
0.0
0.0
0.0
0.0
0.0
0.0
0.0
0.0
0.0
1.0
0.0
0.0
0.0
0.0
0.0
0.0
0.0
0.0
0.0
0.0
0.0
0.0
0.0
0.0
0.0
0.0
0.0
0.0
2.0
0.0
0.0
0.0
0.0
0.0
0.0
0.0
0.0
0.0
1.0
0.0
0.0
0.0
0.0
0.0
0.0
0.0
0.0
0.0
0.0
0.0
0.0
0.0
0.0
0.0
0.0
0.0
0.0
0.0
1.0
