0.10629067245119306
0.21991701244813278
0.2717149220489978
0.09879518072289156
0.08053691275167785
0.1278825995807128
0.12447257383966245
0.045454545454545456
0.0
0.09307359307359307
0.07857142857142857
0.012755102040816327
0.0967741935483871
0.12222222222222222
0.14093959731543623
0.066815144766147
0.06289308176100629
0.07535641547861507
0.08418891170431211
0.014861995753715499
0.0
0.0
0.0021231422505307855
0.006342494714587738
0.0
0.004210526315789474
0.05189620758483034
0.0234375
0.015414258188824663
0.04182509505703422
0.05523809523809524
0.02111324376199616
0.013282732447817837
0.056074766355140186
0.05162523900573614
0.017543859649122806
0.0
0.03515625
0.038461538461538464
0.0041928721174004195
0.028513238289205704
0.041666666666666664
0.04854368932038835
0.017374517374517374
0.017077798861480076
0.013157894736842105
0.01303538175046555
0.014678899082568808
0.02154398563734291
0.005357142857142857
0.0
0.0017857142857142857
0.0017857142857142857
0.0
0.008865248226950355
0.007054673721340388
0.01903114186851211
0.029310344827586206
0.012345679012345678
0.017482517482517484
0.003484320557491289
0.01217391304347826
0.029259896729776247
0.008620689655172414
0.0034482758620689655
0.010362694300518135
0.005235602094240838
0.0
0.015544041450777202
0.013769363166953529
0.023972602739726026
0.008561643835616438
0.01517706576728499
0.028333333333333332
0.013445378151260505
0.005042016806722689
0.005016722408026756
0.004991680532445923
0.0
0.0
0.0
0.003316749585406302
0.017915309446254073
0.012861736334405145
0.011128775834658187
0.02050473186119874
0.01589825119236884
0.011128775834658187
0.003169572107765452
0.012598425196850394
0.018838304552590265
0.00473186119873817
0.0
0.007886435331230283
0.001589825119236884
0.001589825119236884
0.012558869701726845
0.009375
0.014084507042253521
0.00473186119873817
0.007836990595611285
0.0078003120124804995
0.003125
0.006220839813374806
0.0061823802163833074
0.012213740458015267
0.0
0.0
0.0
0.0015267175572519084
0.0060790273556231
0.0015174506828528073
0.006033182503770739
0.0030165912518853697
0.0075075075075075074
0.0029940119760479044
0.0029850746268656717
0.004470938897168405
0.0014925373134328358
0.007407407407407408
0.0
0.0029585798816568047
0.01037037037037037
0.004470938897168405
0.0029717682020802376
0.0044444444444444444
0.0058997050147492625
0.0014727540500736377
0.01020408163265306
0.004366812227074236
0.004373177842565598
0.004366812227074236
0.0
0.0
0.0
0.0
0.0
0.0
0.0
0.0
0.0
0.004366812227074236
0.01023391812865497
0.0
0.0
0.005908419497784343
0.0029717682020802376
0.0
0.0
0.00894187779433681
0.016516516516516516
0.001524390243902439
0.0030441400304414
0.006069802731411229
0.01661631419939577
0.00303951367781155
0.0030303030303030303
0.010542168674698794
0.0
0.0
0.0030165912518853697
0.0030075187969924814
0.0
0.0
0.0
0.0015015015015015015
0.0015015015015015015
0.0015037593984962407
0.004497751124437781
0.020833333333333332
0.012012012012012012
0.0
0.0015105740181268882
0.0030211480362537764
0.006060606060606061
0.006060606060606061
0.0
0.0030303030303030303
0.00303951367781155
0.0
0.007564296520423601
0.015082956259426848
0.007587253414264037
0.004545454545454545
0.0
0.00909090909090909
0.001524390243902439
0.00303951367781155
0.006042296072507553
0.0015082956259426848
0.0
0.0
0.0
0.0015060240963855422
0.004497751124437781
0.0029895366218236174
0.004464285714285714
0.007429420505200594
0.011851851851851851
0.0
0.007374631268436578
0.0014749262536873156
0.007363770250368188
0.0014771048744460858
0.0
0.0029542097488921715
0.002962962962962963
0.0
0.002962962962962963
0.005917159763313609
0.005925925925925926
0.001483679525222552
0.004431314623338257
0.004424778761061947
0.0029585798816568047
0.0
0.0029585798816568047
0.0014771048744460858
0.0
0.0
0.0
0.0
0.0014749262536873156
0.0
0.0
0.004424778761061947
0.004437869822485207
0.0014814814814814814
0.0029542097488921715
0.004431314623338257
0.002962962962962963
0.0029585798816568047
0.0
0.0073964497041420114
0.0029806259314456036
0.0
0.004464285714285714
0.01037037037037037
0.0103397341211226
0.0014771048744460858
0.0014749262536873156
0.007352941176470588
0.008823529411764706
0.0014749262536873156
0.0029411764705882353
0.0014684287812041115
0.0
0.002936857562408223
0.0
0.0
0.0014705882352941176
0.004392386530014641
0.0014619883040935672
0.0014619883040935672
0.004379562043795621
0.004373177842565598
0.002911208151382824
0.007267441860465116
0.0029239766081871343
0.0029239766081871343
0.0
0.01023391812865497
0.0
0.0014749262536873156
0.0014727540500736377
0.0
0.0014727540500736377
0.0
0.0
0.0029411764705882353
0.002932551319648094
0.0
0.0014641288433382138
0.0014619883040935672
0.00145985401459854
0.0
0.0
0.0
0.0014577259475218659
0.0043541364296081275
0.0014492753623188406
0.0
0.004329004329004329
0.004310344827586207
0.0
0.0
0.0014347202295552368
0.002861230329041488
0.0
0.0
0.0
0.0
0.0
0.0
0.004273504273504274
0.0
0.001422475106685633
0.0014204545454545455
0.0
0.0014184397163120568
0.0
0.005641748942172073
0.0
0.0
0.0
0.0014104372355430183
0.0
0.0
0.0014104372355430183
0.0028169014084507044
0.0028208744710860366
0.0
0.0
0.0014144271570014145
0.0
0.0014144271570014145
0.0
0.0014144271570014145
0.00424929178470255
0.0
0.012640449438202247
0.0
0.0028011204481792717
0.002793296089385475
0.0
0.002785515320334262
0.0027816411682892906
0.0013908205841446453
0.0
0.004155124653739612
0.0
0.0
0.0
0.0
0.0013850415512465374
0.004143646408839779
0.0
0.001379310344827586
0.0
0.004120879120879121
0.0
0.006839945280437756
0.0
0.0
0.0
0.0
0.0
0.0
0.0
0.0013717421124828531
0.0
0.0
0.0013717421124828531
0.0
0.0027397260273972603
0.0
0.004098360655737705
0.001364256480218281
0.0
0.0
0.0
0.0
0.0013623978201634877
0.002717391304347826
0.0
0.004070556309362279
0.0040650406504065045
0.0
0.0013531799729364006
0.0
0.002702702702702703
0.0013531799729364006
0.0
0.0013550135501355014
0.0027137042062415195
0.001358695652173913
0.0
0.0
0.001358695652173913
0.0
0.001358695652173913
0.005412719891745603
0.004054054054054054
0.0
0.0
0.0
0.0
0.0
0.0
0.0013513513513513514
0.0013513513513513514
0.0
0.002699055330634278
0.002699055330634278
0.0013513513513513514
0.0
0.0
0.004054054054054054
0.0013550135501355014
0.002702702702702703
0.0
0.002699055330634278
0.0
0.0
0.0
0.004048582995951417
0.0013513513513513514
0.0
0.001349527665317139
0.004037685060565276
0.004037685060565276
0.0
0.0
0.0
0.0
0.0
0.0
0.0
0.0013477088948787063
0.0
0.0013458950201884253
0.0013458950201884253
0.005383580080753701
0.0
0.001349527665317139
0.0
0.0
0.0
0.0
0.001349527665317139
0.0
0.0
0.0
0.002702702702702703
0.0
0.0
0.0
0.0027100271002710027
0.0
0.0013568521031207597
0.004054054054054054
0.001349527665317139
0.0
0.0
0.0
0.0013477088948787063
0.0
0.0
0.0
0.0013477088948787063
0.005390835579514825
0.0
0.0013513513513513514
0.001349527665317139
0.0
0.0026917900403768506
0.0
0.0
0.0
0.0013440860215053765
0.0
0.0
0.002680965147453083
0.0
0.004005340453938585
0.004
0.0026702269692923898
0.0013351134846461949
0.0013333333333333333
0.0026595744680851063
0.0
0.0
0.0
0.0
0.002652519893899204
0.0
0.006587615283267457
0.007853403141361256
0.0039164490861618795
0.001303780964797914
0.003896103896103896
0.0012987012987012987
0.0013003901170351106
0.0
0.0
0.0
0.0
0.0
0.0
0.0013020833333333333
0.0
0.0
0.0
0.001303780964797914
0.0
0.0
0.0
0.0
0.0
0.0
0.0
0.0
0.0026041666666666665
0.0013003901170351106
0.0
0.0012987012987012987
0.0
0.0
0.00516795865633075
0.0
0.0012903225806451613
0.0
0.0
0.0012903225806451613
0.0
0.0012919896640826874
0.0
0.00129366106080207
0.0
0.0
0.0
0.0
0.00258732212160414
0.00258732212160414
0.0
0.0
0.0
0.0
0.0
0.0
0.0
0.0012953367875647669
0.0
0.0012970168612191958
0.0
0.0
0.0012970168612191958
0.0012953367875647669
0.00129366106080207
0.0
0.0
0.0
0.00129366106080207
0.0
0.00129366106080207
0.00129366106080207
0.0
0.0
0.0
0.0
0.00129366106080207
0.0
0.0012919896640826874
0.0
0.0
0.0
0.0
0.0
0.0
0.0
0.002577319587628866
0.0
0.002574002574002574
0.001287001287001287
0.0
0.0
0.0
0.0
0.0
0.001287001287001287
0.0
0.0
0.002570694087403599
0.0012853470437017994
0.002570694087403599
0.0
0.0
0.001287001287001287
0.0
0.001288659793814433
0.0
0.002574002574002574
0.0
0.0
0.0
0.0
0.0
0.0012853470437017994
0.0
0.0
0.0
0.0
0.0
0.0038461538461538464
0.001282051282051282
0.0
0.0
0.0
0.0
0.0
0.0
0.0
0.002560819462227913
0.0
0.0
0.0
0.001282051282051282
0.0
0.0
0.0
0.0
0.0
0.0
0.0
0.001282051282051282
0.0
0.0
0.0
0.001282051282051282
0.0
0.001282051282051282
0.0038412291933418692
0.0
0.0
0.0
0.0
0.0
0.0
0.0
0.001282051282051282
0.0
0.0012804097311139564
0.0012787723785166241
0.0
0.0
0.001277139208173691
0.0
0.0
0.0
0.0
0.0
0.0
0.0
0.0
0.003816793893129771
0.007633587786259542
0.0012804097311139564
0.0
0.0012787723785166241
0.0
0.0012787723785166241
0.0012787723785166241
0.0
0.0
0.0025575447570332483
0.0
0.0
0.0
0.0
0.0
0.0012804097311139564
0.0012804097311139564
0.001282051282051282
0.001282051282051282
0.0012804097311139564
0.0012787723785166241
0.0
0.0
0.0
0.0
0.0
0.001277139208173691
0.0
0.0
0.005089058524173028
0.0
0.0
0.001272264631043257
0.0
0.0
0.0
0.0
0.0
0.0
0.0
0.0
0.0038119440914866584
0.001272264631043257
0.0
0.0
0.0012706480304955528
0.0012690355329949238
0.0012674271229404308
0.0
0.0
0.0
0.0
0.0
0.0
0.0
0.0012658227848101266
0.0
0.0
0.0
0.0
0.0012642225031605564
0.0
0.0
0.0
0.0012642225031605564
0.0
0.0
0.0012642225031605564
0.0
0.0
0.0
0.0012626262626262627
0.0025220680958385876
0.0025220680958385876
0.0
0.0012610340479192938
0.0
0.0
0.0012594458438287153
0.0
0.0
0.0
0.0
0.0
0.003778337531486146
0.0
0.0025220680958385876
0.0012594458438287153
0.002512562814070352
0.0
0.0
0.0
0.002512562814070352
0.0
0.0
0.0037641154328732747
0.0012547051442910915
0.0012547051442910915
0.0012531328320802004
0.0025
0.00125
0.0
0.00125
0.0012484394506866417
0.0012468827930174563
0.0
0.0
0.0012453300124533001
0.0
0.0
0.0
0.0012437810945273632
0.0
0.0012422360248447205
0.0037128712871287127
0.0049261083743842365
0.004901960784313725
0.0
0.0
0.0012239902080783353
0.0012239902080783353
0.0012254901960784314
0.0
0.0
0.003676470588235294
0.00245398773006135
0.0
0.0
0.001226993865030675
0.0012254901960784314
0.0
0.0024449877750611247
0.0
0.0
0.0
0.0
0.001221001221001221
0.0012195121951219512
0.0012195121951219512
0.00243605359317905
0.001218026796589525
0.0024330900243309003
0.0
0.0
0.0
0.001215066828675577
0.0
0.0
0.001215066828675577
0.0
0.0
0.0
0.0
0.001215066828675577
0.0012135922330097086
0.0
0.0
0.0
0.0
0.0
0.0
0.0
0.0
0.0
0.0
0.0012121212121212121
0.0
0.002421307506053269
0.0012106537530266344
0.0036319612590799033
0.0
0.0
0.002430133657351154
0.0
0.0
0.0
0.0
0.001218026796589525
0.0
0.0
0.0012195121951219512
0.0012195121951219512
0.0
0.0
0.0
0.001218026796589525
0.0
0.0
0.0
0.0
0.0
0.0
0.0
0.0012165450121654502
0.001215066828675577
0.0
0.0
0.0012135922330097086
0.002421307506053269
0.0012091898428053204
0.0024125452352231603
0.0012048192771084338
0.0012033694344163659
0.0
0.0
0.0012033694344163659
0.0
0.0
0.008373205741626795
0.0011961722488038277
0.0011947431302270011
0.0011933174224343676
0.0
0.002380952380952381
0.0011890606420927466
0.0
0.0
0.0
0.0
0.0
0.0
0.0
0.0
0.0
0.0
0.0
0.0
0.0
0.0011890606420927466
0.0
0.0
0.0
0.0
0.0
0.0
0.0035587188612099642
0.002366863905325444
0.001182033096926714
0.0011806375442739079
0.004700352526439483
0.007001166861143524
0.0034924330616996507
0.0011641443538998836
0.0011627906976744186
0.0
0.0
0.0
0.0011627906976744186
0.0
0.0
0.0
0.0
0.002325581395348837
0.0
0.0
0.0
0.0011641443538998836
0.0011641443538998836
0.0011627906976744186
0.0
0.0
0.0011627906976744186
0.0
0.0
0.0011627906976744186
0.0
0.0
0.0
0.0
0.0023228803716608595
0.0
0.0011614401858304297
0.0
0.0
0.0
0.0
0.0
0.001160092807424594
0.0
0.0
0.0011587485515643105
0.0023148148148148147
0.0
0.0
0.0023148148148148147
0.0
0.0011587485515643105
0.0
0.0
0.001160092807424594
0.0
0.001160092807424594
0.001160092807424594
0.0
0.0
0.005773672055427252
0.0
0.0011534025374855825
0.0
0.001152073732718894
0.0
0.0
0.0
0.0
0.0
0.0011507479861910242
0.0
0.0
0.0
0.0
0.0
0.0011494252873563218
0.0
0.006872852233676976
0.0
0.0
0.003444316877152698
0.0023014959723820483
0.0
0.0
0.002304147465437788
0.0011534025374855825
0.0
0.0011534025374855825
0.001152073732718894
0.003444316877152698
0.0
0.0
0.0011467889908256881
0.0
0.0
0.0
0.0
0.0
0.0
0.0
0.0011467889908256881
0.003432494279176201
0.00228310502283105
0.0
0.0
0.0
0.0
0.0
0.0
0.0
0.0
0.0011402508551881414
0.0011402508551881414
0.0011402508551881414
0.0
0.0
0.0
0.0
0.0011389521640091116
0.0011376564277588168
0.0
0.0
0.0
0.0
0.0
0.0
0.0
0.0011363636363636363
0.0
0.0011363636363636363
0.0
0.0011363636363636363
0.0011363636363636363
0.0022727272727272726
0.0
0.0
0.0
0.0
0.0
0.0011363636363636363
0.00340522133938706
0.0011363636363636363
0.0
0.0011350737797956867
0.0
0.0
0.0022650056625141564
0.0
0.0
0.0
0.0
0.0
0.0
0.0
0.0011312217194570137
0.0011299435028248588
0.0
0.0
0.0
0.0
0.0
0.0
0.0
0.0
0.0
0.0
0.0
0.0
0.0
0.0
0.0
0.0
0.0
0.0
0.0
0.0
0.0
0.0
0.0
0.0
0.0
0.0
0.0
0.0
0.0
0.0011299435028248588
0.0
0.0
0.0
0.0
0.0
0.0
0.0
0.0
0.0
0.0
0.0
0.0
0.0011312217194570137
0.0
0.0
0.0
0.0
0.0
0.0
0.0
0.0
0.0
0.0
0.0
0.0
0.0
0.0
0.0
0.0
0.0
0.0
0.0
0.0
0.0
0.0
0.0011325028312570782
0.0
0.0
0.0
0.0
0.0
0.0
0.0
0.0
0.0
0.0
0.0
0.0
0.0
0.0
0.0
0.0
0.0
0.0
0.0011337868480725624
0.0
0.0
0.0
0.0022701475595913734
0.0
0.0
0.0
0.0
0.0011376564277588168
0.0
0.0
0.0
0.0011389521640091116
0.0
0.0
0.0
0.0
0.0
0.0
0.0
0.0
0.0
0.0
0.0011402508551881414
0.0
0.0
0.0
0.0
0.0
0.0
0.0
0.0
0.0
0.0
0.0
0.001141552511415525
0.001142857142857143
0.0
0.0
0.0
0.0
0.0
0.0
0.0011441647597254005
0.0
0.0
0.0
0.0
0.0
0.0
0.0
0.0
0.0
0.0
0.0
0.0
0.0
0.0
0.0
0.0
0.0
0.0
0.0
0.0
0.0
0.0
0.0
0.0
0.001145475372279496
0.0
0.0
0.0
0.0011467889908256881
0.0
0.0
0.0
0.0
0.0
0.0
0.0
0.0
0.0
0.0
0.0
0.0
0.0
0.0
0.001148105625717566
0.0
0.0
0.0
0.0
0.0
0.0
0.0
0.0011494252873563218
0.0011507479861910242
0.0
0.0
0.0
0.0
0.0
0.0
0.0
0.0
0.0
0.0
0.0
0.0
0.0
0.0
0.0
0.0
0.0
0.0
0.0
0.0
0.0
0.0
0.0
0.0
0.0
0.0
0.0
0.0
0.0
0.0
0.0
0.0
0.0
0.0
0.0
0.0
0.0
0.0
0.0
0.0
0.0
0.0
0.001152073732718894
0.0
0.0
0.0
0.0
0.0011534025374855825
0.0
0.0
0.0
0.0
0.0
0.0
0.0
0.0
0.0
0.0
0.0
0.0
0.0
0.0
0.0
0.0
0.0
0.0
0.0
0.0
0.0
0.0
0.0
0.0
0.0
0.0
0.0011547344110854503
0.0
0.0
0.0
0.0011560693641618498
0.0
0.0
0.0011574074074074073
0.0
0.0
0.0
0.0
0.0011587485515643105
0.0
0.0
0.0
0.0
0.0
0.0
0.0
0.0
0.0
0.0
0.0
0.0
0.001160092807424594
0.0
0.0
0.0
0.0
0.0
0.0
0.0
0.0011614401858304297
0.0
0.0
0.0
0.0011627906976744186
0.0
0.0
0.0011641443538998836
0.0
0.0011655011655011655
0.0
0.0
0.0
0.0
0.0
0.0
0.0
0.0
0.0
0.0
0.0
0.0
0.0
0.0
0.0
0.0
0.0
0.0011668611435239206
0.0
0.0
0.0
0.0
0.002336448598130841
0.00117096018735363
0.0
0.0
0.0
0.0
0.0
0.0
0.0
0.0
0.0
0.0
0.0
0.0
0.0
0.0011723329425556857
0.0011737089201877935
0.0
0.0
0.0011750881316098707
0.0
0.0
0.0
0.001176470588235294
0.0
0.0
0.0
0.0
0.0
0.0
0.0
0.001177856301531213
0.0011792452830188679
0.0
0.0
0.0
0.0
0.0
0.0
0.0
0.0
0.0
0.0
0.0011806375442739079
0.001182033096926714
0.0
0.0
0.0
0.001183431952662722
0.0
0.0
0.001184834123222749
0.0
0.0
0.0
0.0
0.0011862396204033216
0.0
0.0
0.0
0.0
0.0
0.0
0.0
0.0
0.0
0.0
0.0
0.0
0.0
0.0
0.0
0.0
0.0
0.0
0.0
0.0
0.0
0.0
0.0
0.0011876484560570072
0.0
0.0
0.007134363852556481
0.0
0.0
0.0
0.0
0.004790419161676647
0.0
0.0
0.0
0.0
0.0
0.0
0.0
0.0
0.0
0.0
0.0012033694344163659
0.0
0.0
0.0
0.0012048192771084338
0.0
0.0
0.0
0.0012062726176115801
0.0
0.0
0.0
0.0024154589371980675
0.0
0.0
0.0
0.0
0.0012106537530266344
0.0
0.0
0.0
0.0
0.0
0.0
0.0
0.0
0.0
0.0
0.0012121212121212121
0.0
0.0
0.0
0.0012135922330097086
0.001215066828675577
0.0
0.0
0.0
0.0
0.0
0.0
0.0012165450121654502
0.0
0.0
0.0
0.00243605359317905
0.0
0.0
0.0
0.0
0.0
0.0
0.0
0.0
0.0
0.0
0.0
0.0
0.0
0.0
0.0
0.002442002442002442
0.0
0.0
0.0
0.0012239902080783353
0.0012254901960784314
0.0
0.0
0.001226993865030675
0.0012285012285012285
0.0
0.0
0.0012300123001230013
0.0
0.0
0.0
0.0
0.0
0.0012315270935960591
0.0
0.0
0.002466091245376079
0.0
0.0
0.0
0.0012360939431396785
0.0
0.0
0.0012376237623762376
0.0012391573729863693
0.0
0.0
0.0
0.0
0.0
0.0
0.0
0.0012406947890818859
0.0
0.0
0.0
0.0
0.0
0.0
0.0
0.0
0.0
0.0
0.0
0.0012422360248447205
0.0
0.0
0.0012437810945273632
0.0
0.0
0.0
0.0012453300124533001
0.0
0.0
0.0
0.0012468827930174563
0.0
0.0
0.0
0.0
0.0
0.0
0.0
0.0012484394506866417
0.0
0.00125
0.0
0.0
0.0
0.0
0.0
0.0
0.0
0.0
0.0
0.0
0.0
0.00125
0.0
0.0
0.00125
0.0
0.0
0.0012515644555694619
