414.0
294.0
268.0
293.0
248.0
10.0
19.0
257.0
250.0
222.0
186.0
22.0
8.0
14.0
224.0
186.0
187.0
148.0
169.0
10.0
19.0
179.0
197.0
121.0
152.0
154.0
8.0
9.0
135.0
134.0
138.0
148.0
149.0
8.0
8.0
156.0
115.0
165.0
110.0
127.0
3.0
16.0
156.0
165.0
148.0
124.0
136.0
7.0
4.0
133.0
127.0
144.0
119.0
129.0
3.0
4.0
105.0
136.0
178.0
123.0
129.0
2.0
35.0
132.0
130.0
153.0
10.0
5.0
0.0
0.0
0.0
0.0
0.0
4.0
3.0
0.0
10.0
121.0
112.0
108.0
108.0
110.0
0.0
9.0
102.0
146.0
115.0
102.0
83.0
5.0
6.0
99.0
130.0
102.0
76.0
122.0
9.0
10.0
114.0
89.0
129.0
79.0
80.0
2.0
5.0
139.0
100.0
106.0
79.0
117.0
5.0
8.0
99.0
92.0
97.0
71.0
103.0
4.0
0.0
96.0
86.0
76.0
65.0
80.0
3.0
10.0
82.0
73.0
68.0
115.0
79.0
2.0
13.0
108.0
93.0
104.0
84.0
72.0
8.0
6.0
90.0
80.0
87.0
72.0
78.0
2.0
5.0
72.0
83.0
72.0
91.0
102.0
4.0
6.0
73.0
95.0
75.0
60.0
73.0
4.0
2.0
132.0
87.0
73.0
78.0
59.0
0.0
2.0
95.0
73.0
88.0
72.0
77.0
4.0
2.0
2.0
62.0
84.0
77.0
102.0
0.0
2.0
121.0
97.0
90.0
100.0
59.0
6.0
2.0
4.0
0.0
72.0
50.0
24.0
4.0
2.0
79.0
90.0
112.0
75.0
71.0
2.0
8.0
118.0
70.0
83.0
77.0
67.0
0.0
4.0
83.0
75.0
91.0
81.0
59.0
6.0
2.0
74.0
97.0
64.0
85.0
85.0
4.0
8.0
90.0
115.0
90.0
81.0
85.0
5.0
12.0
97.0
71.0
88.0
92.0
96.0
8.0
6.0
78.0
104.0
99.0
91.0
59.0
4.0
9.0
69.0
59.0
64.0
56.0
10.0
6.0
4.0
63.0
67.0
44.0
79.0
67.0
4.0
4.0
94.0
60.0
68.0
71.0
52.0
0.0
5.0
49.0
53.0
40.0
47.0
40.0
0.0
0.0
41.0
63.0
53.0
38.0
29.0
2.0
6.0
35.0
32.0
46.0
50.0
22.0
3.0
2.0
45.0
37.0
29.0
33.0
25.0
0.0
0.0
32.0
40.0
27.0
54.0
27.0
2.0
0.0
48.0
50.0
36.0
38.0
30.0
0.0
0.0
50.0
39.0
57.0
56.0
55.0
2.0
2.0
60.0
68.0
46.0
58.0
71.0
2.0
0.0
71.0
63.0
57.0
50.0
57.0
0.0
2.0
73.0
84.0
62.0
67.0
83.0
2.0
2.0
75.0
57.0
99.0
69.0
53.0
4.0
6.0
70.0
54.0
60.0
79.0
77.0
2.0
4.0
58.0
81.0
83.0
55.0
62.0
0.0
4.0
48.0
67.0
78.0
82.0
73.0
2.0
4.0
70.0
69.0
48.0
80.0
60.0
4.0
0.0
79.0
68.0
76.0
79.0
78.0
0.0
9.0
2.0
82.0
104.0
67.0
60.0
7.0
5.0
59.0
80.0
85.0
73.0
54.0
0.0
6.0
58.0
65.0
77.0
16.0
11.0
4.0
0.0
16.0
20.0
20.0
19.0
18.0
2.0
0.0
20.0
24.0
25.0
26.0
17.0
2.0
0.0
20.0
16.0
8.0
7.0
13.0
0.0
0.0
20.0
13.0
72.0
110.0
71.0
2.0
6.0
128.0
105.0
100.0
137.0
83.0
0.0
0.0
4.0
2.0
19.0
20.0
2.0
0.0
0.0
103.0
96.0
183.0
92.0
83.0
7.0
6.0
82.0
93.0
87.0
70.0
87.0
0.0
0.0
86.0
80.0
94.0
75.0
98.0
2.0
6.0
98.0
90.0
84.0
76.0
81.0
3.0
0.0
62.0
79.0
87.0
84.0
93.0
6.0
2.0
45.0
2.0
79.0
88.0
68.0
4.0
0.0
100.0
97.0
93.0
116.0
92.0
2.0
10.0
78.0
79.0
93.0
80.0
70.0
0.0
6.0
66.0
58.0
41.0
62.0
73.0
2.0
7.0
61.0
85.0
61.0
68.0
51.0
4.0
8.0
65.0
74.0
84.0
96.0
73.0
2.0
2.0
85.0
77.0
75.0
77.0
71.0
0.0
0.0
2.0
0.0
0.0
0.0
0.0
0.0
0.0
0.0
0.0
0.0
0.0
0.0
0.0
0.0
0.0
0.0
0.0
0.0
0.0
0.0
0.0
0.0
0.0
0.0
0.0
0.0
0.0
0.0
0.0
0.0
0.0
0.0
0.0
0.0
0.0
0.0
0.0
0.0
0.0
0.0
0.0
0.0
0.0
0.0
0.0
0.0
0.0
0.0
0.0
0.0
0.0
0.0
0.0
0.0
0.0
0.0
0.0
0.0
0.0
0.0
0.0
0.0
0.0
0.0
0.0
0.0
0.0
0.0
0.0
0.0
0.0
0.0
0.0
0.0
0.0
0.0
0.0
0.0
0.0
0.0
0.0
0.0
0.0
0.0
0.0
0.0
0.0
0.0
0.0
0.0
0.0
0.0
0.0
0.0
0.0
0.0
0.0
0.0
0.0
0.0
0.0
0.0
0.0
0.0
0.0
0.0
0.0
0.0
0.0
0.0
0.0
0.0
0.0
0.0
0.0
0.0
0.0
0.0
0.0
0.0
0.0
0.0
0.0
0.0
0.0
0.0
0.0
0.0
0.0
0.0
0.0
0.0
0.0
0.0
0.0
0.0
0.0
0.0
0.0
0.0
0.0
0.0
0.0
0.0
0.0
0.0
0.0
0.0
0.0
0.0
0.0
0.0
0.0
0.0
0.0
0.0
0.0
0.0
0.0
0.0
0.0
0.0
0.0
0.0
0.0
0.0
0.0
0.0
0.0
0.0
0.0
0.0
0.0
0.0
0.0
0.0
0.0
0.0
0.0
0.0
0.0
0.0
0.0
0.0
0.0
0.0
0.0
0.0
0.0
0.0
0.0
0.0
0.0
0.0
0.0
0.0
0.0
0.0
0.0
0.0
0.0
0.0
0.0
0.0
0.0
0.0
0.0
0.0
0.0
0.0
0.0
0.0
0.0
0.0
0.0
0.0
0.0
0.0
0.0
0.0
0.0
0.0
0.0
0.0
0.0
0.0
0.0
0.0
0.0
0.0
0.0
0.0
0.0
0.0
0.0
0.0
0.0
0.0
0.0
0.0
0.0
0.0
0.0
0.0
0.0
0.0
0.0
0.0
0.0
0.0
0.0
0.0
0.0
0.0
0.0
0.0
0.0
0.0
0.0
0.0
0.0
0.0
0.0
0.0
0.0
0.0
0.0
0.0
0.0
0.0
0.0
0.0
2.0
0.0
45.0
58.0
55.0
28.0
0.0
