0.7222222222222222
0.6666666666666666
0.7727272727272727
0.8275862068965517
0.6333333333333333
0.7931034482758621
0.8064516129032258
0.675
0.6545454545454545
0.6557377049180327
0.6785714285714286
0.7857142857142857
0.782608695652174
0.7735849056603774
0.7397260273972602
0.7341269841269841
0.6968085106382979
0.7431192660550459
0.7319391634980988
0.7272727272727273
0.7674074074074074
0.7774869109947644
0.757201646090535
0.7914691943127962
0.7650602409638554
0.775
0.7658227848101266
0.7733333333333333
0.7746478873239436
0.8217821782178217
0.7294117647058823
0.8207547169811321
0.8623853211009175
0.8282828282828283
0.7407407407407407
0.7105263157894737
0.7663551401869159
0.7155172413793104
0.7887323943661971
0.7103448275862069
0.7304964539007093
0.6985294117647058
0.7548387096774194
0.7254901960784313
0.6787878787878788
0.7151162790697675
0.7663043478260869
0.7282608695652174
0.7329192546583851
0.745945945945946
0.698019801980198
0.7342995169082126
0.7268292682926829
0.7320574162679426
0.698744769874477
0.7471264367816092
0.7191489361702128
0.6790697674418604
0.6636771300448431
0.6830357142857143
0.6923076923076923
0.7215189873417721
0.6891891891891891
0.7456140350877193
0.7689243027888446
0.7217391304347827
0.6893617021276596
0.7943548387096774
0.7816593886462883
0.7198275862068966
0.7651515151515151
0.6779026217228464
0.7269076305220884
0.8130081300813008
0.7478632478632479
0.7333333333333333
0.7397260273972602
0.7802690582959642
0.7546296296296297
0.786046511627907
0.7699115044247787
0.7734375
0.7340823970037453
0.7900874635568513
0.7797101449275362
0.7894736842105263
0.7865612648221344
0.8165938864628821
0.7658536585365854
0.7814207650273224
0.7958115183246073
0.7934782608695652
0.7560975609756098
0.7542857142857143
0.796875
0.7371428571428571
0.8033707865168539
0.7588235294117647
0.7814569536423841
0.7591240875912408
0.8050314465408805
0.7874015748031497
0.7435897435897436
0.7916666666666666
0.7465753424657534
0.7582417582417582
0.7252252252252253
0.8197424892703863
0.8421052631578947
0.811965811965812
0.7603305785123967
0.8130081300813008
0.7829457364341085
0.8541666666666666
0.7448275862068966
0.8538461538461538
0.8686868686868687
0.8739495798319328
0.8153846153846154
0.7322834645669292
0.7073170731707317
0.6953125
0.853448275862069
0.8041237113402062
0.8166666666666667
0.7321428571428571
0.7222222222222222
0.7868852459016393
0.7788461538461539
0.7735849056603774
0.711864406779661
0.725925925925926
0.8181818181818182
0.7610619469026548
0.7653061224489796
0.8021978021978022
0.7849462365591398
0.7303370786516854
0.7303370786516854
0.7261904761904762
0.8082191780821918
0.8243243243243243
0.8026315789473685
0.7361111111111112
0.8641975308641975
1.0
1.0
0.6923076923076923
0.7307692307692307
0.8888888888888888
0.8666666666666667
0.8666666666666667
0.7647058823529411
0.9375
0.6666666666666666
0.84375
0.75
0.8378378378378378
0.8888888888888888
0.8333333333333334
0.8421052631578947
0.7692307692307693
0.7083333333333334
0.8636363636363636
0.7222222222222222
0.95
0.9230769230769231
0.9
0.631578947368421
0.8636363636363636
0.9523809523809523
0.8461538461538461
0.8125
0.7647058823529411
1.0
0.6666666666666666
0.8
0.8823529411764706
0.8846153846153846
0.76
0.8620689655172413
0.9545454545454546
