0.7647058823529411
0.6153846153846154
0.7647058823529411
0.7333333333333333
0.8
0.76
0.7586206896551724
0.8
0.7777777777777778
0.6857142857142857
0.7073170731707317
0.7555555555555555
0.6923076923076923
0.673469387755102
0.8541666666666666
0.7291666666666666
0.75
0.8095238095238095
0.7716535433070866
0.7039473684210527
0.7581967213114754
0.6686746987951807
0.7235142118863049
0.7225274725274725
0.7831325301204819
0.7195845697329377
0.7751677852348994
0.7885714285714286
0.7975206611570248
0.828125
0.823170731707317
0.7407407407407407
0.7553956834532374
0.6857142857142857
0.7637795275590551
0.7969924812030075
0.8016528925619835
0.7450980392156863
0.8068181818181818
0.7910447761194029
0.8170731707317073
0.8723404255319149
0.7674418604651163
0.7901234567901234
0.7159090909090909
0.7821782178217822
0.7333333333333333
0.7692307692307693
0.7227722772277227
0.7874015748031497
0.6923076923076923
0.7723577235772358
0.7350427350427351
0.7033898305084746
0.7557251908396947
0.717741935483871
0.8043478260869565
0.6714285714285714
0.7581699346405228
0.7888198757763976
0.7987012987012987
0.7318840579710145
0.7737226277372263
0.7552447552447552
0.6949152542372882
0.7540106951871658
0.7588235294117647
0.7619047619047619
0.745945945945946
0.7425742574257426
0.6565656565656566
0.7636363636363637
0.7589743589743589
0.7403314917127072
0.7119565217391305
0.6903553299492385
0.685
0.6968085106382979
0.7098445595854922
0.7452830188679245
0.7164948453608248
0.7553191489361702
0.7623762376237624
0.7574257425742574
0.7150259067357513
0.745
0.7745098039215687
0.8181818181818182
0.7766497461928934
0.7512953367875648
0.8165137614678899
0.7533039647577092
0.7090909090909091
0.7185929648241206
0.8093023255813954
0.7817258883248731
0.7771428571428571
0.7679558011049724
0.726775956284153
0.7688442211055276
0.7430167597765364
0.7428571428571429
0.8081395348837209
0.8121546961325967
0.7963800904977375
0.7853881278538812
0.7457627118644068
0.803448275862069
0.8170347003154574
0.8345588235294118
0.7837837837837838
0.75
0.8172043010752689
0.7485714285714286
0.7528089887640449
0.7987012987012987
0.8176100628930818
0.8012820512820513
0.7803030303030303
0.7372262773722628
0.7435897435897436
0.8129032258064516
0.7841726618705036
0.7792207792207793
0.8
0.8130081300813008
0.8333333333333334
0.7619047619047619
0.7913043478260869
0.8307692307692308
0.8189655172413793
0.7864077669902912
0.7169811320754716
0.8347107438016529
0.7310924369747899
0.7916666666666666
0.7671957671957672
0.7461139896373057
0.8505747126436781
0.8602941176470589
0.8541666666666666
0.8585858585858586
0.7821782178217822
0.8301886792452831
0.7904761904761904
0.7850467289719626
0.8292682926829268
0.8045112781954887
0.8495575221238938
0.8227848101265823
0.8
0.9038461538461539
0.8631578947368421
0.8076923076923077
0.7321428571428571
0.7433628318584071
0.7747747747747747
0.8404255319148937
0.782051282051282
0.7777777777777778
0.84
0.7582417582417582
0.7142857142857143
0.8198198198198198
0.8
0.7692307692307693
0.7959183673469388
0.7325581395348837
0.7767857142857143
0.8064516129032258
0.8272727272727273
0.8640776699029126
0.8170731707317073
0.7922077922077922
0.868421052631579
0.8701298701298701
0.8846153846153846
0.7922077922077922
0.7236842105263158
0.7605633802816901
0.7627118644067796
0.8181818181818182
0.8032786885245902
0.8035714285714286
0.8524590163934426
0.9142857142857143
0.9310344827586207
1.0
1.0
0.8095238095238095
0.875
0.8
0.9285714285714286
0.8461538461538461
0.9285714285714286
0.9
0.9333333333333333
0.9285714285714286
0.6
0.8888888888888888
0.5882352941176471
0.8157894736842105
0.8260869565217391
0.7931034482758621
0.8275862068965517
0.9333333333333333
1.0
0.8260869565217391
0.7142857142857143
0.7777777777777778
0.8235294117647058
0.7333333333333333
0.9
0.9285714285714286
0.875
0.8888888888888888
0.6666666666666666
0.8461538461538461
0.9411764705882353
0.9473684210526315
0.9
0.9090909090909091
0.8461538461538461
0.7857142857142857
1.0
1.0
0.7142857142857143
0.8571428571428571
1.0
0.9130434782608695
0.8148148148148148
0.8125
0.8947368421052632
0.9523809523809523
