0.6875
0.8
0.7
0.75
0.75
0.7
0.8181818181818182
0.7916666666666666
0.6086956521739131
0.9
0.8947368421052632
0.8947368421052632
0.7894736842105263
0.7391304347826086
0.7575757575757576
0.7368421052631579
0.7073170731707317
0.6585365853658537
0.6511627906976745
0.8
0.8333333333333334
0.8
0.75
0.7678571428571429
0.8142857142857143
0.7317073170731707
0.7289719626168224
0.7155172413793104
0.7391304347826086
0.7405857740585774
0.6944444444444444
0.717391304347826
0.7846153846153846
0.7279693486590039
0.79
0.7392055267702936
0.7753222836095764
0.8005115089514067
0.8203389830508474
0.8301886792452831
0.776536312849162
0.8562091503267973
0.7833333333333333
0.8217054263565892
0.7909090909090909
0.7894736842105263
0.8230088495575221
0.7037037037037037
0.75
0.7961165048543689
0.8367346938775511
0.7951807228915663
0.7529411764705882
0.8433734939759037
0.7592592592592593
0.8571428571428571
0.8666666666666667
0.7666666666666667
0.863013698630137
0.8450704225352113
0.8461538461538461
0.7627118644067796
0.7333333333333333
0.75
0.84
0.7096774193548387
0.7285714285714285
0.7037037037037037
0.7078651685393258
0.8285714285714286
0.7368421052631579
0.7528089887640449
0.8235294117647058
0.7872340425531915
0.7446808510638298
0.7352941176470589
0.7745098039215687
0.7281553398058253
0.7628865979381443
0.8235294117647058
0.6548672566371682
0.7480916030534351
0.7642276422764228
0.8070175438596491
0.7874015748031497
0.7751937984496124
0.7207207207207207
0.8360655737704918
0.7378640776699029
0.8173913043478261
0.7702702702702703
0.7297297297297297
0.7591240875912408
0.7851851851851852
0.7786885245901639
0.7664233576642335
0.7721518987341772
0.7357142857142858
0.782051282051282
0.7727272727272727
0.7945945945945946
0.7868852459016393
0.7196969696969697
0.7518248175182481
0.7215189873417721
0.7283236994219653
0.7241379310344828
0.738255033557047
0.7655172413793103
0.7346938775510204
0.7261146496815286
0.7455621301775148
0.7423312883435583
0.777027027027027
0.7785234899328859
0.7393939393939394
0.7751479289940828
0.7974683544303798
0.7046979865771812
0.7577639751552795
0.8035714285714286
0.7551020408163265
0.8133333333333334
0.7928994082840237
0.7888198757763976
0.75
0.844311377245509
0.7916666666666666
0.7864583333333334
0.7297297297297297
0.7485029940119761
0.7533333333333333
0.8023952095808383
0.8095238095238095
0.7712418300653595
0.7724137931034483
0.8148148148148148
0.7857142857142857
0.7837837837837838
0.7857142857142857
0.8402777777777778
0.7969924812030075
0.8211920529801324
0.8623188405797102
0.8015267175572519
0.7548387096774194
0.7758620689655172
0.7857142857142857
0.7752808988764045
0.7376237623762376
0.7884615384615384
0.7899159663865546
0.8270676691729323
0.8571428571428571
0.8
0.7784090909090909
0.7914438502673797
0.8181818181818182
0.8153846153846154
0.8161764705882353
0.7794117647058824
0.7615384615384615
0.8
0.8120300751879699
0.8317757009345794
0.7872340425531915
0.7565217391304347
0.7280701754385965
0.7304347826086957
0.8048780487804879
0.8205128205128205
0.8
0.7981651376146789
0.8230088495575221
0.8076923076923077
0.8041237113402062
0.8411214953271028
0.819047619047619
0.7471264367816092
0.8085106382978723
0.8210526315789474
0.8380952380952381
0.7959183673469388
0.8717948717948718
0.7974683544303798
0.7446808510638298
0.8958333333333334
0.8433734939759037
0.7666666666666667
0.8584905660377359
0.8095238095238095
0.7756410256410257
0.7577639751552795
0.8368794326241135
0.8442622950819673
0.8608695652173913
0.9
0.8676470588235294
0.8072289156626506
0.8076923076923077
0.8311688311688312
0.8227848101265823
0.788235294117647
0.75
0.8653846153846154
0.8539325842696629
0.8160919540229885
0.8484848484848485
0.8375
0.8450704225352113
0.7592592592592593
0.881578947368421
0.8863636363636364
0.8767123287671232
0.8735632183908046
0.7283950617283951
0.788235294117647
0.7058823529411765
0.71875
0.8105263157894737
0.8611111111111112
0.875
0.847457627118644
0.8243243243243243
0.8108108108108109
0.7407407407407407
0.7777777777777778
0.7682926829268293
0.8061224489795918
0.88
0.8307692307692308
0.7605633802816901
0.7808219178082192
0.7972972972972973
0.7619047619047619
0.7297297297297297
0.7669902912621359
0.8256880733944955
0.8539325842696629
0.8311688311688312
0.8194444444444444
0.8636363636363636
0.803030303030303
0.8225806451612904
0.9166666666666666
0.8620689655172413
0.8846153846153846
0.9473684210526315
0.7692307692307693
0.8484848484848485
0.7761194029850746
0.8833333333333333
0.8979591836734694
0.851063829787234
0.8666666666666667
0.8518518518518519
0.8541666666666666
0.7954545454545454
0.8857142857142857
0.9130434782608695
0.8548387096774194
0.9565217391304348
1.0
1.0
0.8571428571428571
0.8
0.85
0.9375
1.0
0.9285714285714286
1.0
1.0
1.0
1.0
0.9
1.0
0.9090909090909091
0.6666666666666666
0.5
0.9
0.7586206896551724
0.7352941176470589
0.8636363636363636
0.8571428571428571
0.8260869565217391
0.8181818181818182
0.8
0.8
1.0
1.0
0.8235294117647058
0.8947368421052632
0.75
0.8235294117647058
0.9375
0.8
0.8333333333333334
0.9230769230769231
1.0
1.0
1.0
0.8181818181818182
0.8888888888888888
0.6
0.9
1.0
0.9333333333333333
1.0
1.0
1.0
0.8571428571428571
0.8461538461538461
0.8181818181818182
0.9
1.0
1.0
0.8
0.8571428571428571
0.8571428571428571
0.6666666666666666
0.9
0.9
0.7777777777777778
0.7647058823529411
0.875
0.875
0.9473684210526315
0.9411764705882353
