1.0
1.0
1.0
NaN
NaN
NaN
1.0
0.88
0.8823529411764706
0.8888888888888888
0.935064935064935
0.7352941176470589
0.7294117647058823
0.7659574468085106
0.7522123893805309
0.7218045112781954
0.7818181818181819
0.8584070796460177
0.7573529411764706
0.6802721088435374
0.6024096385542169
0.7441860465116279
0.6616161616161617
0.6907216494845361
0.7837837837837838
0.6736401673640168
0.7225130890052356
0.7301587301587301
0.757396449704142
0.7201834862385321
0.7204724409448819
0.7457627118644068
0.6122448979591837
0.6487341772151899
0.6335227272727273
0.6074766355140186
0.7104477611940299
0.6492753623188405
0.7532133676092545
0.7704081632653061
0.7234848484848485
0.7300613496932515
1.0
1.0
0.7342657342657343
0.6913183279742765
0.7507598784194529
0.8745387453874539
0.9130434782608695
0.9272727272727272
0.7782258064516129
0.775
0.7405660377358491
0.773972602739726
0.7253521126760564
0.7670454545454546
0.7074468085106383
0.6949685534591195
0.6953125
0.7091412742382271
0.7186629526462396
0.7435158501440923
0.7640845070422535
0.7347670250896058
0.7553648068669528
0.7781065088757396
0.711864406779661
0.7585301837270341
0.6523929471032746
0.736
0.6988505747126437
0.6622807017543859
0.6718403547671841
0.8
0.8790697674418605
0.8666666666666667
0.8285714285714286
0.8542713567839196
0.8669950738916257
0.8708333333333333
0.841897233201581
0.8833333333333333
0.7755775577557755
0.7713310580204779
0.7866242038216561
0.8382352941176471
0.84472049689441
0.9205298013245033
0.8064516129032258
0.8131868131868132
0.8423645320197044
0.8761467889908257
0.774869109947644
0.8205128205128205
0.7955555555555556
0.8021978021978022
0.7790697674418605
0.8873239436619719
0.8586956521739131
0.8467741935483871
0.8181818181818182
0.7951807228915663
0.8561643835616438
0.868421052631579
0.9577464788732394
0.875
1.0
1.0
1.0
1.0
1.0
1.0
0.9166666666666666
1.0
1.0
1.0
1.0
0.9375
0.9444444444444444
1.0
1.0
1.0
1.0
1.0
NaN
1.0
0.8020833333333334
0.7582417582417582
0.7191011235955056
0.8518518518518519
0.8
0.8307692307692308
0.819672131147541
0.9473684210526315
0.8125
0.8904109589041096
0.8846153846153846
0.9090909090909091
0.8888888888888888
0.9032258064516129
0.9411764705882353
0.925
0.8793103448275862
0.9459459459459459
0.9019607843137255
0.8444444444444444
0.8983050847457628
0.8615384615384616
0.8275862068965517
0.9215686274509803
0.944954128440367
0.8782608695652174
0.851063829787234
0.8823529411764706
0.9111111111111111
0.9142857142857143
0.8620689655172413
1.0
1.0
1.0
1.0
1.0
1.0
0.8888888888888888
0.9375
0.9545454545454546
0.8461538461538461
0.7560975609756098
0.86
0.9487179487179487
0.9722222222222222
0.9166666666666666
0.6923076923076923
0.7142857142857143
0.9302325581395349
0.92
0.9032258064516129
0.8
0.8627450980392157
0.8
0.8604651162790697
0.8648648648648649
0.8214285714285714
0.875
0.71875
0.9
0.9354838709677419
0.9310344827586207
0.9487179487179487
0.8666666666666667
0.8717948717948718
0.8205128205128205
0.9032258064516129
0.9230769230769231
0.9047619047619048
1.0
1.0
1.0
1.0
0.7777777777777778
0.8787878787878788
0.9166666666666666
0.9642857142857143
0.7575757575757576
0.7837837837837838
0.9428571428571428
0.9622641509433962
0.8837209302325582
0.6470588235294118
0.8333333333333334
0.896551724137931
0.8235294117647058
0.890625
0.9016393442622951
0.9032258064516129
0.8809523809523809
0.8108108108108109
0.7560975609756098
0.9285714285714286
0.9523809523809523
0.8947368421052632
0.9545454545454546
0.7142857142857143
0.8604651162790697
0.8958333333333334
0.7575757575757576
0.8292682926829268
0.9761904761904762
0.9
0.9302325581395349
0.9411764705882353
0.92
0.987012987012987
0.9342105263157895
0.92
1.0
0.9130434782608695
0.8620689655172413
0.896551724137931
0.8695652173913043
0.9615384615384616
0.8611111111111112
0.8928571428571429
1.0
1.0
1.0
1.0
1.0
0.84
0.9230769230769231
0.96875
0.9285714285714286
0.8947368421052632
0.8888888888888888
0.6666666666666666
0.7894736842105263
0.9354838709677419
0.9230769230769231
0.9473684210526315
0.9117647058823529
0.7450980392156863
0.8837209302325582
0.8285714285714286
0.9090909090909091
0.8378378378378378
0.8571428571428571
0.9032258064516129
0.896551724137931
0.9230769230769231
0.95
0.85
0.7619047619047619
0.7307692307692307
0.8620689655172413
0.7352941176470589
1.0
0.9615384615384616
0.9032258064516129
1.0
0.96
1.0
1.0
0.9375
0.9
0.7368421052631579
0.95
0.92
0.9
0.9523809523809523
0.7222222222222222
0.9047619047619048
0.8846153846153846
1.0
1.0
1.0
1.0
0.875
0.9090909090909091
0.9047619047619048
0.9285714285714286
0.9473684210526315
0.7777777777777778
1.0
1.0
1.0
1.0
0.8823529411764706
0.9473684210526315
0.8888888888888888
0.9230769230769231
0.7777777777777778
1.0
1.0
0.8518518518518519
0.9
0.8333333333333334
1.0
1.0
0.96875
0.9166666666666666
0.9090909090909091
1.0
1.0
1.0
1.0
1.0
1.0
1.0
1.0
0.8333333333333334
1.0
1.0
1.0
1.0
