1.0
1.0
NaN
NaN
1.0
0.9411764705882353
0.9565217391304348
0.8469387755102041
0.6696428571428571
0.7591240875912408
0.6959459459459459
0.75
0.8169014084507042
0.7243243243243244
0.5606060606060606
0.6167400881057269
0.6180257510729614
0.664179104477612
0.6771653543307087
0.6561085972850679
0.6468253968253969
0.6115107913669064
0.606508875739645
0.6185567010309279
0.5615384615384615
0.5382775119617225
0.6120906801007556
0.6990740740740741
0.7692307692307693
0.6880222841225627
0.7484076433121019
0.7626112759643917
0.6056338028169014
0.75
0.8791666666666667
0.8464566929133859
0.7295597484276729
0.7197231833910035
0.7056962025316456
0.6625916870415648
0.6449438202247191
0.6215596330275229
0.6361607142857143
0.6814814814814815
0.7150837988826816
0.7160493827160493
0.7087628865979382
0.6630901287553648
0.6659242761692651
0.6750572082379863
0.6514851485148515
0.656934306569343
0.7651006711409396
0.8410852713178295
0.8140703517587939
0.8260869565217391
0.8041237113402062
0.7929155313351499
0.7563025210084033
0.7225609756097561
0.7522388059701492
0.8231046931407943
0.8878504672897196
0.7772511848341233
0.8103448275862069
0.8305785123966942
0.7510204081632653
0.7703703703703704
0.7777777777777778
0.8475609756097561
0.856
0.8035714285714286
0.8160377358490566
0.807909604519774
0.9411764705882353
0.8888888888888888
1.0
1.0
1.0
1.0
0.9285714285714286
1.0
1.0
0.95
0.9230769230769231
0.9565217391304348
0.8823529411764706
1.0
1.0
1.0
0.847457627118644
0.9019607843137255
0.782608695652174
0.7909090909090909
0.7924528301886793
0.7722772277227723
0.7976190476190477
0.8631578947368421
0.8539325842696629
0.8539325842696629
0.8247422680412371
0.8533333333333334
0.8983050847457628
0.896551724137931
0.8735632183908046
0.813953488372093
0.8392857142857143
0.9008264462809917
0.864
0.8412698412698413
0.9375
0.8974358974358975
1.0
1.0
1.0
1.0
0.8648648648648649
0.8888888888888888
0.8490566037735849
0.7586206896551724
0.8769230769230769
0.8888888888888888
0.8928571428571429
0.625
0.9361702127659575
0.8524590163934426
0.7666666666666667
0.8
0.8
0.8367346938775511
0.8536585365853658
0.7073170731707317
0.918918918918919
0.8571428571428571
0.9298245614035088
0.8
0.8163265306122449
0.868421052631579
0.9629629629629629
1.0
1.0
0.9333333333333333
0.8157894736842105
0.8292682926829268
0.8536585365853658
0.8809523809523809
0.9090909090909091
0.9322033898305084
0.8695652173913043
0.8695652173913043
0.8974358974358975
0.8333333333333334
0.8611111111111112
0.8571428571428571
0.7674418604651163
0.8
0.85
0.8823529411764706
0.6764705882352942
0.875
0.7924528301886793
0.8113207547169812
0.9545454545454546
0.875
0.9285714285714286
0.9302325581395349
0.9397590361445783
0.9032258064516129
0.875
0.868421052631579
0.8
0.9166666666666666
0.875
0.8787878787878788
1.0
1.0
1.0
1.0
0.868421052631579
0.7777777777777778
1.0
0.3333333333333333
0.8571428571428571
0.9
0.9230769230769231
0.7111111111111111
0.7872340425531915
0.8222222222222222
0.803921568627451
0.7818181818181819
0.9069767441860465
0.8888888888888888
0.8181818181818182
0.8666666666666667
0.7894736842105263
0.5428571428571428
0.8974358974358975
0.8529411764705882
0.8378378378378378
0.8974358974358975
0.967741935483871
0.8260869565217391
0.7692307692307693
0.7777777777777778
0.8387096774193549
0.9285714285714286
0.8260869565217391
0.9230769230769231
0.9090909090909091
0.9545454545454546
0.9310344827586207
0.8181818181818182
0.8461538461538461
1.0
0.9655172413793104
0.7777777777777778
1.0
1.0
1.0
0.95
0.84
0.84
0.9310344827586207
0.9310344827586207
0.9523809523809523
0.875
1.0
0.96875
0.9333333333333333
0.9523809523809523
0.9411764705882353
1.0
0.8333333333333334
1.0
1.0
0.9375
0.75
1.0
0.9696969696969697
