1.0
1.0
NaN
1.0
0.875
0.912621359223301
0.6742424242424242
0.740506329113924
0.6975308641975309
0.7485380116959064
0.6941747572815534
0.5733333333333334
0.5924528301886792
0.6416938110749185
0.6643356643356644
0.6693227091633466
0.6588921282798834
0.5714285714285714
0.5590909090909091
0.5361990950226244
0.6247619047619047
0.6848484848484848
0.6451612903225806
0.7447447447447447
0.747093023255814
0.6141176470588235
0.8153846153846154
0.8136200716845878
0.7038123167155426
0.6988950276243094
0.6238738738738738
0.6136363636363636
0.5894736842105263
0.6303901437371663
0.6848072562358276
0.6657534246575343
0.6894273127753304
0.6581352833638026
0.5902527075812274
0.6174055829228243
0.7353497164461248
0.8246153846153846
0.8472727272727273
0.7915407854984894
0.7931937172774869
0.7377450980392157
0.6926829268292682
0.7946428571428571
0.889344262295082
0.7489878542510121
0.814935064935065
0.7263513513513513
0.7687074829931972
0.7883817427385892
0.8153846153846154
0.7760416666666666
0.8053097345132744
0.9285714285714286
0.9387755102040817
0.9545454545454546
1.0
1.0
0.9375
0.9285714285714286
1.0
0.90625
0.9310344827586207
1.0
1.0
1.0
0.782312925170068
0.7872340425531915
0.7857142857142857
0.7410714285714286
0.7168141592920354
0.8467741935483871
0.8623853211009175
0.84375
0.89
0.8941176470588236
0.925
0.8979591836734694
0.8095238095238095
0.8805970149253731
0.8489208633093526
0.8676470588235294
0.9375
1.0
1.0
1.0
0.8297872340425532
0.8387096774193549
0.7837837837837838
0.8823529411764706
0.8695652173913043
0.9090909090909091
0.88
0.84375
0.7424242424242424
0.7837837837837838
0.8392857142857143
0.875
0.8043478260869565
0.8775510204081632
0.9230769230769231
0.8
0.8846153846153846
0.8536585365853658
0.9333333333333333
0.9333333333333333
0.775
0.8333333333333334
0.8035714285714286
0.8363636363636363
0.9104477611940298
0.8269230769230769
0.8809523809523809
0.8311688311688312
0.8181818181818182
0.8214285714285714
0.7627118644067796
0.8163265306122449
0.8378378378378378
0.7884615384615384
0.9104477611940298
0.8032786885245902
0.9411764705882353
0.8983050847457628
0.9215686274509803
0.9010989010989011
0.868421052631579
0.9069767441860465
0.8444444444444444
0.84
0.8409090909090909
1.0
0.8695652173913043
0.8181818181818182
0.8222222222222222
0.7777777777777778
1.0
0.9047619047619048
0.9024390243902439
0.9090909090909091
0.6666666666666666
0.7931034482758621
0.8103448275862069
0.75
0.7916666666666666
0.8235294117647058
0.8823529411764706
0.8333333333333334
0.8222222222222222
0.8297872340425532
0.8222222222222222
0.9210526315789473
0.8484848484848485
0.7333333333333333
0.8857142857142857
0.8235294117647058
0.8484848484848485
0.8823529411764706
0.9259259259259259
0.9333333333333333
0.8076923076923077
0.8260869565217391
0.9375
0.7777777777777778
1.0
1.0
0.8709677419354839
0.7931034482758621
1.0
0.9736842105263158
0.967741935483871
0.9
1.0
0.9761904761904762
0.9523809523809523
0.9375
0.9230769230769231
1.0
0.9
0.8947368421052632
0.9545454545454546
